Date,Spain,China,Italy,United_Kingdom,United_States,Brazil,India,Russia
2020-01-22,0,548,0,0,1,0,0,0
2020-01-23,0,641,0,0,1,0,0,0
2020-01-24,0,918,0,0,2,0,0,0
2020-01-25,0,1401,0,0,2,0,0,0
2020-01-26,0,2067,0,0,5,0,0,0
2020-01-27,0,2869,0,0,5,0,0,0
2020-01-28,0,5501,0,0,5,0,0,0
2020-01-29,0,6077,0,0,6,0,0,0
2020-01-30,0,8131,0,0,6,0,1,0
2020-01-31,0,9790,2,2,8,0,1,2
2020-02-01,1,11878,2,2,8,0,1,2
2020-02-02,1,16615,2,2,8,0,2,2
2020-02-03,1,19701,2,8,11,0,3,2
2020-02-04,1,23690,2,8,11,0,3,2
2020-02-05,1,27419,2,9,11,0,3,2
2020-02-06,1,30563,2,9,12,0,3,2
2020-02-07,1,34085,3,9,12,0,3,2
2020-02-08,1,36788,3,13,12,0,3,2
2020-02-09,2,39800,3,14,12,0,3,2
2020-02-10,2,42316,3,14,12,0,3,2
2020-02-11,2,44337,3,15,13,0,3,2
2020-02-12,2,44709,3,16,13,0,3,2
2020-02-13,2,59842,3,17,14,0,3,2
2020-02-14,2,66302,3,18,14,0,3,2
2020-02-15,2,68357,3,18,14,0,3,2
2020-02-16,2,70456,3,18,14,0,3,2
2020-02-17,2,72374,3,19,14,0,3,2
2020-02-18,2,74149,3,19,14,0,3,2
2020-02-19,2,74556,3,20,14,0,3,2
2020-02-20,2,75009,3,22,14,0,3,2
2020-02-21,2,75482,20,23,16,0,3,2
2020-02-22,2,76932,62,23,16,0,3,2
2020-02-23,2,76948,155,28,16,0,3,2
2020-02-24,2,77162,229,30,16,0,3,2
2020-02-25,6,77670,322,34,16,0,3,2
2020-02-26,13,78075,453,37,16,1,3,2
2020-02-27,15,78508,655,44,17,1,3,2
2020-02-28,32,78834,888,56,17,1,3,2
2020-02-29,45,79261,1128,61,25,2,3,2
2020-03-01,84,79836,1694,94,32,2,3,2
2020-03-02,120,80036,2036,134,55,2,5,3
2020-03-03,165,80161,2502,189,74,2,5,3
2020-03-04,222,80281,3089,246,107,4,28,3
2020-03-05,259,80432,3858,295,184,4,30,4
2020-03-06,400,80583,4636,374,237,13,31,13
2020-03-07,500,80662,5883,429,403,13,34,13
2020-03-08,673,80709,7375,483,519,20,39,17
2020-03-09,1073,80745,9172,630,594,25,43,17
2020-03-10,1695,80767,10149,889,782,31,56,20
2020-03-11,2277,80795,12462,1301,1147,38,62,20
2020-03-12,2277,80803,15113,1790,1586,52,73,28
2020-03-13,5232,80811,17660,2270,2219,151,82,45
2020-03-14,6391,80837,21157,2634,2978,151,102,59
2020-03-15,7798,80858,24747,3077,3212,162,113,63
2020-03-16,9942,80878,27980,3692,4679,200,119,90
2020-03-17,11748,80896,31506,4462,6512,321,142,114
2020-03-18,13910,80921,35713,5468,9169,372,156,147
2020-03-19,17963,80948,41035,6534,13663,621,194,199
2020-03-20,20410,80994,47021,7792,20030,793,244,253
2020-03-21,25374,81032,53578,9007,26025,1021,330,306
2020-03-22,28768,81118,59138,10395,34898,1546,396,367
2020-03-23,35136,81142,63927,12744,46136,1924,499,438
2020-03-24,39885,81205,69176,15126,56755,2247,536,495
2020-03-25,49515,81251,74386,17843,68837,2554,657,658
2020-03-26,57786,81329,80589,20970,86693,2985,727,840
2020-03-27,65719,81378,86498,24219,105383,3417,887,1036
2020-03-28,73235,81438,92472,27062,125013,3904,987,1264
2020-03-29,80110,81481,97689,29954,143912,4256,1024,1534
2020-03-30,87956,81516,101739,34281,165987,4579,1251,1836
2020-03-31,95923,81565,105792,38815,192301,5717,1397,2337
2020-04-01,104118,81596,110574,43789,224560,6836,1998,2777
2020-04-02,112065,81630,115242,48718,256792,8044,2543,3548
2020-04-03,119199,81666,119827,53699,289087,9056,2567,4149
2020-04-04,126168,81681,124632,57772,321477,10360,3082,4731
2020-04-05,131646,81712,128948,61422,351354,11130,3588,5389
2020-04-06,136675,81751,132547,66738,382747,12161,4778,6343
2020-04-07,141942,81783,135586,72224,413516,14034,5311,7497
2020-04-08,148220,81849,139422,77387,444731,16170,5916,8672
2020-04-09,153222,81910,143626,82293,480667,18092,6725,10131
2020-04-10,158273,81952,147577,86660,515081,19638,7598,11917
2020-04-11,163027,82014,152271,90273,544183,20727,8446,13584
2020-04-12,166831,82130,156363,93812,571440,22192,9205,15770
2020-04-13,170099,82204,159516,98017,598380,23430,10453,18328
2020-04-14,172541,82294,162488,102365,627205,25262,11487,21102
2020-04-15,177644,82339,165155,107465,652611,28320,12322,24490
2020-04-16,184948,82386,168941,112808,682626,30425,13430,27938
2020-04-17,190839,82739,172434,117798,715656,33682,14352,32008
2020-04-18,191726,82763,175925,122534,743588,36658,15722,36793
2020-04-19,198674,82780,178972,126394,769684,38654,17615,42853
2020-04-20,200210,82792,181228,131260,799512,40743,18539,47121
2020-04-21,204178,82824,183957,136035,825429,43079,20080,52763
2020-04-22,208389,82835,187327,141540,854288,45757,21370,57999
2020-04-23,213024,82849,189973,146708,887858,50036,23077,62773
2020-04-24,202990,82864,192994,151689,920185,54043,24530,68622
2020-04-25,205905,82872,195351,155453,950581,59324,26283,74588
2020-04-26,207634,82875,197675,158926,977082,63100,27890,80949
2020-04-27,209465,82881,199414,163630,1000785,67446,29451,87147
2020-04-28,210773,82903,201505,168357,1025362,73235,31324,93558
2020-04-29,212917,82907,203591,173807,1051800,79685,33062,99399
2020-04-30,213435,82919,205463,178771,1081020,87187,34863,106498
2020-05-01,215216,82920,207428,183501,1115946,92202,37257,114431
2020-05-02,216582,82920,209328,186731,1143296,97100,39699,124054
2020-05-03,217466,82925,210717,189708,1167593,101826,42505,134687
2020-05-04,218011,82926,211938,193091,1191678,108620,46437,145268
2020-05-05,219329,82928,213013,196780,1216209,115455,49400,155370
2020-05-06,220325,82930,214457,200616,1240769,126611,52987,165929
2020-05-07,221447,82931,215858,204387,1268180,135773,56351,177160
2020-05-08,222857,82932,217185,207439,1295019,146894,59695,187859
2020-05-09,223578,82946,218268,209589,1320155,156061,62808,198676
2020-05-10,224350,82963,219070,211911,1339022,162699,67161,209688
2020-05-11,227436,82964,219814,215500,1358293,169594,70768,221344
2020-05-12,228030,82971,221216,218895,1381241,178214,74292,232243
2020-05-13,228691,82974,222104,222195,1401649,190137,78055,242271
2020-05-14,229540,82978,223096,224813,1428467,203165,81997,252245
2020-05-15,230183,82986,223885,227334,1453214,220291,85784,262843
2020-05-16,230698,82992,224760,229406,1477373,233511,90648,272043
2020-05-17,230698,82999,225435,231232,1495736,241080,95698,281752
2020-05-18,231606,83008,225886,233809,1518126,255368,100328,290678
2020-05-19,232037,83008,226699,236867,1539133,271885,106475,299941
2020-05-20,232555,83008,227364,239579,1561830,291579,112028,308705
2020-05-21,233037,83008,228006,242133,1587596,310087,118226,317554
2020-05-22,234824,83016,228658,244174,1611253,330890,124794,326448
2020-05-23,235290,83019,229327,245682,1632364,347398,131423,335882
2020-05-24,235772,83030,229858,247037,1652431,363211,138536,344481
2020-05-25,235400,83037,230158,248650,1671104,374898,144950,353427
2020-05-26,236259,83038,230555,250309,1690754,391222,150793,362342
2020-05-27,236259,83040,231139,252118,1709303,411821,158086,370680
2020-05-28,237906,83040,231732,253854,1731625,438238,165386,379051
2020-05-29,238564,83044,232248,255362,1756098,465166,173491,387623
2020-05-30,239228,83046,232664,256469,1779731,498440,181827,396575
2020-05-31,239479,83062,232997,257539,1798718,514849,190609,405843
2020-06-01,239638,83067,233197,258983,1816154,526447,198370,414328
2020-06-02,239932,83068,233515,260453,1837656,555383,207191,423186
2020-06-03,240326,83067,233836,261802,1857511,584016,216824,431715
2020-06-04,240660,83072,234013,263040,1879150,614941,226713,440538
2020-06-05,240978,83075,234531,264150,1904550,645771,236184,449256
2020-06-06,241310,83081,234801,264944,1925710,672846,246622,458102
2020-06-07,241550,83085,234998,265662,1943626,691758,257486,467073
2020-06-08,241717,83088,235278,266756,1961263,707412,265928,476043
2020-06-09,241966,83091,235561,267915,1979647,739503,276146,484630
2020-06-10,242280,83102,235763,269101,2000757,772416,286605,493023
2020-06-11,242707,83109,236142,270108,2023890,802828,297535,501800
2020-06-12,243209,83120,236305,271162,2048756,828810,308993,510761
2020-06-13,243605,83177,236651,272050,2073964,850514,320922,519458
2020-06-14,243928,83226,236989,272857,2092912,867624,332424,528267
2020-06-15,244109,83266,237290,273888,2112731,888271,343091,536484
2020-06-16,244328,83310,237500,274971,2136401,923189,354065,544725
2020-06-17,244683,83338,237828,275970,2163465,955377,366946,552549
2020-06-18,245268,83370,238159,276990,2191991,978142,380532,560321
2020-06-19,245575,83370,238011,277974,2223553,1032913,395048,568292
2020-06-20,245938,83425,238275,278640,2255823,1067579,410451,576162
2020-06-21,246272,83441,238499,279264,2280971,1083341,425282,583879
2020-06-22,246504,83463,238720,280156,2313123,1106470,440215,591465
2020-06-23,246752,83476,238833,281038,2350198,1145906,456183,598878
2020-06-24,247086,83494,239410,281815,2386074,1188631,473105,606043
2020-06-25,247486,83508,239706,282512,2426391,1228114,490401,613148
2020-06-26,247905,83529,239961,283151,2472385,1274974,508953,619936
2020-06-27,248469,83546,240136,283785,2513731,1313667,528859,626779
2020-06-28,248770,83558,240310,284192,2554461,1344143,548318,633563
2020-06-29,248970,83577,240436,284812,2595744,1368195,566840,640246
2020-06-30,249271,83580,240578,285216,2642174,1402041,585481,646929
2020-07-01,249659,83583,240760,285279,2693993,1448753,604641,653479
2020-07-02,250103,83588,240961,285285,2750622,1496858,625544,660231
2020-07-03,250545,83591,241184,285787,2801983,1539081,648315,666941
2020-07-04,250545,83599,241419,286412,2847664,1577004,673165,673564
2020-07-05,250545,83603,241611,286931,2898432,1603055,697413,680283
2020-07-06,251789,83604,241819,287290,2941517,1623284,719664,686852
2020-07-07,252130,83618,241956,287874,3002171,1668589,742417,693215
2020-07-08,252513,83627,242149,288511,3062290,1713160,767296,699749
2020-07-09,253056,83627,242363,289154,3124786,1755779,793802,706240
2020-07-10,253908,83627,242639,289678,3192841,1800827,820916,712863
2020-07-11,253908,83640,242827,290504,3252874,1839850,849522,719449
2020-07-12,253908,83648,243061,291154,3311312,1864681,878254,726036
2020-07-13,255953,83648,243230,291691,3370208,1884967,906752,732547
2020-07-14,256619,83657,243344,292931,3438244,1926824,936181,738787
2020-07-15,257494,83658,243506,293469,3506364,1966748,968857,745197
2020-07-16,258855,83672,243736,294116,3582184,2012151,1003832,751612
2020-07-17,260255,83689,243967,294803,3654445,2046328,1039084,758001
2020-07-18,260255,83705,244216,295632,3716980,2074860,1077781,764215
2020-07-19,260255,83726,244434,296358,3777456,2098389,1118206,770311
2020-07-20,264836,83737,244624,296944,3839546,2118646,1155338,776212
2020-07-21,266194,83750,244752,297389,3904066,2159654,1193078,782040
2020-07-22,267551,83775,245032,297952,3974630,2227514,1238798,787890
2020-07-23,270166,83796,245338,298731,4043070,2287475,1288108,793720
2020-07-24,272421,83830,245590,299500,4116393,2343366,1337024,799499
2020-07-25,272421,83876,245864,300270,4181308,2394513,1385635,805332
2020-07-26,272421,83937,246118,301020,4236083,2419091,1435616,811073
2020-07-27,278782,84005,246286,301708,4292934,2442375,1480073,816680
2020-07-28,280610,84106,246488,302261,4359391,2483191,1531669,822060
2020-07-29,282641,84211,246776,303063,4431244,2552265,1581963,827509
2020-07-30,285430,84338,247158,303910,4498701,2610102,1634746,832993
2020-07-31,288522,84383,247537,304793,4567420,2662485,1695988,838461
2020-08-01,288522,84431,247832,305562,4623604,2707877,1750723,843890
2020-08-02,288522,84474,248070,306309,4669149,2733677,1803695,849277
2020-08-03,297054,84510,248229,307251,4714678,2750318,1855745,854641
2020-08-04,302814,84537,248419,307926,4773479,2801921,1908254,859762
2020-08-05,305767,84574,248803,308832,4827936,2859073,1964536,864948
2020-08-06,309855,84611,249204,309796,4887293,2912212,2027074,870187
2020-08-07,314362,84642,249756,310696,4946590,2962442,2088611,875378
2020-08-08,314362,84665,250103,311461,5000709,3012412,2153010,880563
2020-08-09,314362,84714,250566,312574,5046463,3035422,2215074,885718
2020-08-10,322980,84758,250825,313392,5094087,3057470,2268675,890799
2020-08-11,326612,84777,251237,314542,5142088,3109630,2329638,895691
2020-08-12,329784,84802,251713,315581,5198137,3164785,2396637,900745
2020-08-13,337334,84832,252235,316729,5249451,3224876,2461190,905762
2020-08-14,342813,84854,252809,318190,5314791,3275520,2525922,910778
2020-08-15,342813,84873,253438,319232,5361712,3317096,2589952,915808
2020-08-16,342813,84895,253915,320343,5400904,3340197,2647663,920719
2020-08-17,359082,84917,254235,321064,5437580,3359570,2702681,925558
2020-08-18,364196,84934,254636,322177,5482614,3407354,2767253,930276
2020-08-19,370867,84941,255278,323008,5529973,3456652,2836925,935066
2020-08-20,377906,84963,256118,324203,5574013,3501975,2905825,939833
2020-08-21,386054,84985,257065,325263,5622842,3532330,2975701,944671
2020-08-22,386054,84997,258136,326595,5665887,3582362,3044940,949531
2020-08-23,386054,85013,259345,327643,5700119,3605783,3106348,954328
2020-08-24,405436,85027,260298,328620,5736641,3622861,3167323,959016
2020-08-25,412553,85042,261174,329821,5777001,3669995,3224547,963655
2020-08-26,419849,85050,262540,330967,5822167,3717156,3310234,968297
2020-08-27,429507,85059,263949,332509,5867547,3761391,3387500,972972
2020-08-28,439286,85068,265409,333806,5914395,3804803,3463972,977730
2020-08-29,439286,85077,266853,334916,5957126,3846153,3542733,982573
2020-08-30,439286,85094,268218,336668,5991507,3862311,3621245,987470
2020-08-31,462858,85104,269214,338083,6026895,3908272,3691166,992402
2020-09-01,470973,85111,270189,339415,6068759,3950931,3769523,997072
2020-09-02,479554,85123,271515,340929,6109773,3997865,3853406,1001965
2020-09-03,488513,85148,272912,342708,6153983,4041638,3936747,1006923
2020-09-04,498989,85158,274644,344686,6204376,4091801,4023179,1011987
2020-09-05,498989,85168,276338,346513,6247464,4123000,4113811,1017131
2020-09-06,498989,85180,277634,349500,6278633,4137521,4204613,1022228
2020-09-07,525549,85189,278784,352453,6302200,4147794,4280422,1027334
2020-09-08,534513,85192,280153,354934,6329593,4162073,4370128,1032354
2020-09-09,543379,85199,281583,357615,6363650,4197889,4465863,1037526
2020-09-10,554143,85214,283180,360546,6399723,4238446,4562414,1042836
2020-09-11,566326,85220,284796,364090,6447501,4282164,4659984,1048257
2020-09-12,566326,85230,286297,367594,6488563,4315687,4754356,1053663
2020-09-13,566326,85240,287753,370932,6522914,4330455,4846427,1059024
2020-09-14,593730,85248,288761,373557,6557342,4345610,4930236,1064438
2020-09-15,603167,85260,289990,376672,6596849,4382263,5020359,1069873
2020-09-16,614360,85269,291442,380679,6635867,4419083,5118253,1075485
2020-09-17,625651,85301,293025,384089,6681004,4455386,5214677,1081152
2020-09-18,640040,85315,294932,388418,6730288,4495183,5308014,1086955
2020-09-19,640040,85325,296569,392847,6772447,4528240,5400619,1092915
2020-09-20,640040,85337,298156,396746,6810862,4544629,5487580,1098958
2020-09-21,671468,85343,299506,401124,6862834,4558040,5562663,1105048
2020-09-22,682267,85353,300897,406060,6902696,4591364,5646010,1111157
2020-09-23,693556,85360,302537,412247,6941758,4591364,5732518,1117487
2020-09-24,704209,85368,304323,418891,6988869,4657702,5818570,1123976
2020-09-25,716481,85383,306235,425769,7037151,4689613,5903932,1131088
2020-09-26,716481,85397,308104,431819,7081803,4717991,5992532,1138509
2020-09-27,716481,85418,309870,437519,7119311,4732309,6074702,1146273
2020-09-28,748266,85430,311364,441575,7152546,4745464,6145291,1154299
2020-09-29,748266,85449,313011,448731,7195994,4777522,6225763,1162428
2020-09-30,769188,85458,314861,455848,7235428,4810935,6312584,1170799
2020-10-01,778607,85470,317409,462777,7281081,4847092,6394068,1179634
2020-10-02,789932,85480,319908,469771,7336043,4847092,6473544,1188928
2020-10-03,789932,85496,322751,482656,7384578,4906833,6549373,1198663
2020-10-04,789932,85516,325329,505621,7420293,4915289,6623815,1209039
2020-10-05,813412,85528,327586,518224,7459742,4927235,6685082,1219796
2020-10-06,825410,85535,330263,532781,7504998,4969141,6757131,1231277
2020-10-07,835901,85544,333940,546954,7556060,5000694,6835655,1242258
2020-10-08,848324,85567,338398,564504,7614653,5028444,6906151,1253603
2020-10-09,861112,85582,343770,578392,7671034,5055888,6979423,1265572
2020-10-10,861112,85603,349494,593567,7725952,5082637,7053806,1278245
2020-10-11,861112,85630,354950,606449,7771893,5094979,7120538,1291687
2020-10-12,888968,85637,359569,620460,7813735,5103408,7175880,1305093
2020-10-13,896086,85657,365467,637710,7865983,5113628,7239389,1318783
2020-10-14,908056,85668,372799,657461,7925748,5140863,7307097,1332824
2020-10-15,921374,85692,381602,676457,7990636,5169386,7370468,1346380
2020-10-16,936560,85705,391611,692114,8059782,5200300,7432680,1361317
2020-10-17,936560,85718,402536,708300,8116518,5224362,7494551,1376020
2020-10-18,936560,85731,414241,725294,8165858,5224362,7550273,1390824
2020-10-19,974449,85750,423578,744124,8233610,5250727,7597063,1406667
2020-10-20,988322,85761,434449,765489,8295581,5273954,7651107,1422775
2020-10-21,1005295,85775,449648,792196,8358864,5298772,7706946,1438219
2020-10-22,1026281,85793,465726,813453,8435164,5323630,7761312,1453923
2020-10-23,1046132,85824,484869,834012,8517113,5353656,7814682,1471000
2020-10-24,1046132,85839,504509,857045,8599842,5380635,7864811,1487260
2020-10-25,1046132,85856,525782,876842,8661982,5394128,7909959,1503652
2020-10-26,1098320,85872,542789,897742,8729385,5409854,7946429,1520800
2020-10-27,1116738,85914,564778,920666,8806228,5439641,7990322,1537142
2020-10-28,1136503,85961,589766,945380,8885632,5468270,8040203,1553028
2020-10-29,1160083,85986,616595,968458,8976684,5494376,8088851,1570446
2020-10-30,1185678,86019,647674,992876,9075924,5516658,8137119,1588433
2020-10-31,1185678,86043,679430,1014795,9165619,5535605,8184082,1606267
2020-11-01,1185678,86067,709335,1038056,9270467,5545705,8229313,1624648
2020-11-02,1240697,86116,731588,1057023,9355775,5554206,8267623,1642665
2020-11-03,1259366,86133,759829,1077101,9482891,5566049,8313876,1661096
2020-11-04,1284408,86161,790377,1102307,9587499,5590025,8364086,1680579
2020-11-05,1306316,86197,824879,1126471,9716853,5590025,8411724,1699695
2020-11-06,1328832,86230,862681,1149793,9844858,5631181,8462080,1720063
2020-11-07,1328832,86258,902490,1174772,9972308,5653561,8507754,1740172
2020-11-08,1328832,86291,935104,1195352,10087380,5664115,8553657,1760420
2020-11-09,1381218,86313,960373,1216749,10207953,5675032,8591730,1781997
2020-11-10,1381218,86330,995463,1237200,10348449,5699005,8636011,1802762
2020-11-11,1417709,86345,1028424,1260200,10495075,5747660,8683916,1822345
2020-11-12,1437220,86353,1066401,1293717,10659914,5781582,8728795,1843678
2020-11-13,1458591,86371,1107303,1321033,10840303,5810652,8773479,1865395
2020-11-14,1458591,86384,1144552,1347909,11008064,5848959,8814579,1887836
2020-11-15,1458591,86392,1178529,1372886,11144288,5863093,8845127,1910149
2020-11-16,1496864,86406,1205881,1394302,11307233,5876464,8874290,1932711
2020-11-17,1510023,86415,1238072,1414362,11471155,5911758,8912907,1954912
2020-11-18,1525341,86427,1272352,1434007,11644332,5945849,8958483,1975629
2020-11-19,1541574,86444,1308528,1456943,11835880,5981767,9004365,1998966
2020-11-20,1556730,86460,1345767,1477217,12034177,6020164,9050597,2023025
2020-11-21,1556730,86477,1380531,1497138,12213451,6052786,9095806,2047563
2020-11-22,1556730,86488,1408868,1515805,12360235,6071401,9139865,2071858
2020-11-23,1582616,86510,1431795,1531270,12534684,6087608,9177840,2096749
2020-11-24,1594844,86515,1455022,1542614,12710198,6118708,9222216,2120836
2020-11-25,1605066,86536,1480874,1560875,12893485,6166606,9266705,2144229
2020-11-26,1617355,86541,1509875,1578432,13005807,6204220,9309787,2169424
2020-11-27,1628208,86547,1538217,1593253,13213995,6238350,9351109,2196691
2020-11-28,1628208,86558,1564532,1609144,13369528,6290272,9392919,2223500
2020-11-29,1628208,86576,1585178,1621308,13509762,6314740,9431691,2249890
2020-11-30,1648187,86588,1601554,1633736,13670332,6335878,9462809,2275936
2020-12-01,1656444,86597,1620901,1647233,13858551,6386787,9499413,2302062
2020-12-02,1665775,86614,1641610,1663470,14061108,6436650,9534964,2327105
2020-12-03,1675902,86632,1664829,1678421,14284721,6487084,9571559,2354934
2020-12-04,1684647,86647,1688939,1694803,14517506,6533968,9608211,2382012
2020-12-05,1684647,86665,1709991,1710382,14733048,6577177,9644222,2410462
2020-12-06,1684647,86680,1728878,1727754,14914060,6603540,9677203,2439163
2020-12-07,1702328,86695,1742557,1742528,15108918,6623911,9703770,2466961
2020-12-08,1702328,86707,1757394,1754914,15333410,6674999,9735850,2492713
2020-12-09,1712101,86719,1770149,1771548,15555949,6728452,9767371,2518551
2020-12-10,1720056,86734,1787147,1792614,15787464,6781799,9796744,2546113
2020-12-11,1730575,86747,1805873,1814398,16027441,6836227,9826775,2574319
2020-12-12,1730575,86771,1825775,1835952,16245026,6880127,9857029,2602048
2020-12-13,1730575,86787,1843712,1854493,16432729,6901952,9884100,2629699
2020-12-14,1751884,86804,1855737,1874870,16627550,6927145,9906165,2656601
2020-12-15,1762212,86816,1870576,1893439,16836556,6970034,9932547,2682866
2020-12-16,1773290,86823,1888144,1918739,17083256,7040608,9956557,2708940
2020-12-17,1785421,86835,1906377,1954271,17322981,7110434,9979447,2736727
2020-12-18,1797236,86852,1921778,1982831,17574950,7162978,10004599,2764843
2020-12-19,1797236,86875,1938083,2010080,17766856,7213155,10031223,2792615
2020-12-20,1797236,86898,1953185,2046164,17954675,7238600,10055560,2821125
2020-12-21,1819249,86913,1964054,2079681,18153724,7263619,10075116,2850042
2020-12-22,1829903,86928,1977370,2116612,18351735,7318821,10099066,2878382
2020-12-23,1842289,86945,1991278,2155999,18581353,7365517,10123778,2905196
2020-12-24,1854951,86959,2009317,2195148,18775557,7423945,10146845,2934695
2020-12-25,1854951,86979,2028354,2227951,18873203,7448560,10169118,2963290
2020-12-26,1854951,87001,2038759,2262739,19099491,7465806,10187850,2992123
2020-12-27,1854951,87022,2047696,2295232,19255126,7484285,10207871,3019972
2020-12-28,1879413,87049,2056277,2336692,19429760,7504833,10224303,3047335
2020-12-29,1893502,87073,2067487,2389967,19630012,7563551,10244852,3073923
2020-12-30,1910218,87098,2083689,2440206,19863696,7619200,10266674,3100018
2020-12-31,1928265,87117,2107166,2496235,20099363,7675973,10266674,3127347
2021-01-01,1928265,87135,2129376,2549693,20252991,7700578,10286709,3153960
2021-01-02,1928265,87163,2141201,2607546,20553301,7716405,10323965,3179898
2021-01-03,1928265,87196,2155446,2662703,20762047,7733746,10340469,3203743
2021-01-04,1958844,87229,2166244,2721626,20946329,7753752,10356844,3226758
2021-01-05,1982544,87261,2181619,2782713,21181440,7810400,10374932,3250713
2021-01-06,1982544,87324,2201945,2845269,21436884,7873830,10395278,3274615
2021-01-07,2024904,87377,2220361,2898056,21715174,7961673,10413417,3297833
2021-01-08,2050360,87410,2237890,2966248,22010389,8013708,10413417,3321163
2021-01-09,2050360,87479,2257866,3026346,22271084,8075998,10450284,3344175
2021-01-10,2050360,87582,2276491,3081372,22484332,8105790,10466595,3366715
2021-01-11,2111782,87637,2289021,3127647,22699326,8131612,10479179,3389733
2021-01-12,2137220,87752,2303263,3173295,22926246,8195637,10495147,3412390
2021-01-13,2176089,87890,2319036,3220957,23156608,8256536,10512093,3434934
2021-01-14,2211967,88034,2336279,3269761,23392315,8324294,10527683,3459237
2021-01-15,2252164,88164,2352423,3325646,23635046,8393492,10542841,3483531
2021-01-16,2252164,88273,2368733,3367074,23836726,8455059,10557985,3507201
2021-01-17,2252164,88382,2381277,3405744,24014508,8488099,10571773,3530379
2021-01-18,2336451,88500,2390102,3443354,24157924,8511770,10581823,3552888
2021-01-19,2370742,88603,2400598,3476808,24334630,8573864,10595639,3574330
2021-01-20,2412318,88747,2414166,3515800,24517866,8638249,10610883,3595136
2021-01-21,2456675,88858,2428221,3553777,24711684,8697368,10625428,3616680
2021-01-22,2499560,88958,2441854,3594098,24902437,8753920,10639684,3637862
2021-01-23,2499560,89038,2455185,3627750,25073050,8816254,10654533,3658447
2021-01-24,2499560,89162,2466813,3657861,25204112,8844577,10667736,3679247
2021-01-25,2593382,89244,2475372,3680105,25356081,8871393,10676838,3698246
2021-01-26,2629817,89319,2485956,3700272,25503621,8933356,10689527,3716228
2021-01-27,2670102,89373,2501147,3725641,25657566,8996876,10701193,3733692
2021-01-28,2705001,89425,2515507,3754452,25826176,9058687,10720048,3752548
2021-01-29,2743119,89477,2529070,3783597,25992744,9118513,10733130,3771514
2021-01-30,2743119,89569,2541783,3806997,26135056,9176975,10746174,3790265
2021-01-31,2743119,89611,2553032,3828187,26247053,9204731,10757610,3808348
2021-02-01,2822805,89641,2560957,3846855,26382255,9229322,10766245,3825739
2021-02-02,2851869,89666,2570608,3863761,26497588,9283418,10777284,3842145
2021-02-03,2883465,89696,2583790,3882976,26619229,9339420,10790183,3858367
2021-02-04,2913425,89716,2597446,3903710,26743204,9396293,10802591,3874830
2021-02-05,2941990,89729,2611659,3922914,26877601,9447165,10814304,3891274
2021-02-06,2941990,89740,2625098,3941277,26981588,9447165,10826363,3907653
2021-02-07,2941990,89754,2636738,3957181,27071236,9524640,10838194,3923461
2021-02-08,2989085,89768,2644707,3971319,27161551,9524640,10847304,3939162
2021-02-09,3005487,89782,2655319,3983760,27257183,9599565,10858371,3953970
2021-02-10,3023601,89784,2668266,3996837,27352360,9659167,10871294,3968228
2021-02-11,3041454,89796,2683403,4010380,27458120,9713909,10880603,3983031
2021-02-12,3056035,89804,2697296,4025578,27557758,9765455,10892746,3997898
2021-02-13,3056035,89811,2710819,4038933,27644880,9809754,10904940,4012538
2021-02-14,3056035,89820,2721879,4049924,27709901,9834513,10916589,4026506
2021-02-15,3086286,89836,2729223,4059700,27764087,9866710,10925710,4040505
2021-02-16,3096343,89843,2739591,4070336,27826806,9921981,10937320,4053535
2021-02-17,3107172,89854,2751657,4083096,27896924,9978747,10950201,4066164
2021-02-18,3121687,89864,2765412,4095191,27966848,10030626,10963394,4079407
2021-02-19,3133122,89872,2780882,4107290,28046145,10084208,10977387,4092649
2021-02-20,3133122,89879,2795796,4117743,28117670,10139148,10991651,4105424
2021-02-21,3133122,89890,2809246,4127578,28174750,10168174,11005850,4117992
2021-02-22,3153971,89900,2818863,4138237,28230970,10195160,11016434,4130447
2021-02-23,3161432,89912,2832162,4146760,28303233,10257875,11030176,4142126
2021-02-24,3170644,89919,2848564,4156707,28377965,10324463,11046914,4153735
2021-02-25,3180212,89925,2868435,4166727,28455466,10390461,11063491,4164802
2021-02-26,3188553,89935,2888923,4175315,28532812,10455630,11079979,4175757
2021-02-27,3188553,89941,2907825,4182772,28597387,10517232,11096731,4187166
2021-02-28,3188553,89960,2925265,4188827,28648744,10551259,11112241,4198400
2021-03-01,3204531,89971,2938371,4194289,28706973,10587001,11124527,4209850
2021-03-02,3130184,89981,2955434,4200700,28764033,10646926,11139516,4220291
2021-03-03,3136321,89991,2976274,4207120,28831226,10718630,11156923,4230707
2021-03-04,3142358,90000,2999119,4213764,28899277,10793732,11173761,4241970
2021-03-05,3149012,90010,3023129,4219788,28965728,10869227,11192045,4252876
2021-03-06,3149012,90023,3046762,4225906,29023931,10938836,11210799,4263785
2021-03-07,3149012,90042,3067486,4231166,29064938,11019344,11229398,4274263
2021-03-08,3160970,90050,3081368,4235989,29109974,11051665,11244786,4284408
2021-03-09,3164982,90055,3101093,4241858,29167616,11122429,11262707,4293750
2021-03-10,3172101,90066,3123368,4247879,29225536,11202305,11285561,4302726
2021-03-11,3178356,90075,3149017,4254714,29288010,11277717,11308846,4311893
2021-03-12,3183704,90082,3175807,4261398,29349533,11363380,11333728,4321588
2021-03-13,3183704,90092,3201838,4267015,29402465,11439558,11359048,4331396
2021-03-14,3183704,90097,3223142,4271710,29440686,11483370,11385339,4341381
2021-03-15,3195062,90110,3238394,4276840,29497352,11519609,11409831,4350728
2021-03-16,3200024,90114,3258770,4282203,29551309,11603535,11438734,4360033
2021-03-17,3206116,90120,3281810,4287996,29610445,11693838,11474605,4368943
2021-03-18,3212332,90131,3306711,4294328,29670983,11780820,11514331,4378656
2021-03-19,3212332,90135,3332418,4299200,29732612,11871390,11555284,4388268
2021-03-20,3212332,90147,3356331,4304839,29787986,11950459,11599130,4397816
2021-03-21,3212332,90154,3376376,4310195,29821754,11998233,11646081,4407031
2021-03-22,3228803,90163,3400877,4315602,29873347,12047526,11686796,4416226
2021-03-23,3234319,90173,3419616,4321019,29926950,12130019,11734058,4424595
2021-03-24,3234319,90184,3440862,4326645,30013910,12220011,11787534,4433364
2021-03-25,3247738,90195,3464543,4332922,30081375,12320169,11846652,4442492
2021-03-26,3255324,90207,3488619,4339157,30158696,12404414,11908910,4451565
2021-03-27,3255324,90218,3512453,4343066,30221396,12490362,11971624,4460348
2021-03-28,3255324,90230,3532057,4347013,30264493,12534688,12039644,4469327
2021-03-29,3270825,90238,3544957,4351796,30333922,12573615,12095855,4477916
2021-03-30,3275819,90249,3561012,4355867,30395171,12658109,12149335,4486078
2021-03-31,3284353,90265,3584899,4359982,30462210,12748747,12221665,4494234
2021-04-01,3291394,90274,3607083,4364547,30541255,12839844,12303131,4503291
2021-04-02,3291394,90300,3629000,4367969,30611086,12910082,12392260,4511973
2021-04-03,3300965,90320,3650247,4371393,30674153,12953597,12485509,4520879
2021-04-04,3300965,90353,3668264,4373798,30709125,12984956,12589067,4529576
2021-04-05,3311325,90377,3678944,4376629,30786804,13013601,12686049,4538101
2021-04-06,3317948,90389,3686707,4379033,30847348,13100580,12801785,4546307
2021-04-07,3326736,90414,3700393,4381830,30922386,13193205,12928574,4554481
2021-04-08,3336637,90435,3717602,4384954,31002264,13279857,13060542,4563026
2021-04-09,3347512,90449,3736526,4380167,31084962,13373174,13205926,4572053
2021-04-10,3347512,90459,3754077,4382880,31151497,13445006,13358805,4580633
2021-04-11,3347512,90475,3769814,4384610,31197877,13482023,13527717,4589209
2021-04-12,3370256,90484,3779594,4388296,31268107,13517808,13689453,4597400
2021-04-13,3376548,90496,3793033,4390801,31345985,13599994,13873825,4605444
2021-04-14,3387022,90506,3809193,4393330,31421360,13673507,14074564,4613646
2021-04-15,3396685,90517,3826156,4396096,31495649,13746681,14291917,4622464
2021-04-16,3407283,90532,3842079,4398903,31575640,13832455,14526609,4631336
2021-04-17,3407283,90548,3857443,4401176,31628013,13900091,14788003,4640537
2021-04-18,3407283,90559,3870131,4403060,31670031,13943071,15061805,4649044
2021-04-19,3428354,90569,3878994,4406114,31737964,13973695,15320972,4657509
2021-04-20,3428354,90590,3891063,4408644,31799237,14043076,15616130,4665553
2021-04-21,3446072,90596,3904899,4411068,31862094,14122795,15930774,4673699
2021-04-22,3456886,90615,3920945,4413834,31929351,14167973,16263695,4682573
2021-04-23,3468617,90624,3935703,4416588,31991750,14237078,16610481,4691290
2021-04-24,3468617,90637,3949517,4418710,32045113,14308215,16960172,4699988
2021-04-25,3468617,90648,3962674,4420443,32077178,14340787,17313163,4708640
2021-04-26,3488469,90659,3971114,4422562,32124869,14369423,17636186,4717321
2021-04-27,3496134,90671,3981512,4425259,32175725,14441563,17997113,4725252
2021-04-28,3504799,90691,3994894,4427390,32230850,14521289,18376421,4732981
2021-04-29,3514942,90704,4009208,4429849,32289049,14590678,18762976,4742142
2021-04-30,3524077,90720,4022653,4432246,32346971,14659011,19164969,4750755
2021-05-01,3524077,90735,4035617,4434157,32392274,14725975,19557457,4759902
2021-05-02,3524077,90746,4044762,4435831,32421641,14754910,19925517,4768476
2021-05-03,3540430,90763,4050708,4437505,32472201,14779529,20282833,4776844
2021-05-04,3544945,90770,4059821,4439489,32512934,14856888,20664979,4784497
2021-05-05,3551262,90775,4070400,4441644,32557669,14930183,21077410,4792354
2021-05-06,3559222,90788,4082198,4444262,32605183,15003563,21491598,4799872
2021-05-07,3567408,90795,4092747,4446752,32652472,15082449,21892676,4808133
2021-05-08,3567408,90807,4102921,4448808,32686965,15145879,22296081,4816331
2021-05-09,3567408,90818,4111210,4450578,32708357,15184790,22662575,4824621
2021-05-10,3581392,90832,4116287,4452956,32745255,15209990,22992517,4832959
2021-05-11,3586333,90848,4123230,4455446,32778906,15282705,23340938,4840948
2021-05-12,3592751,90857,4131078,4457742,32814784,15359397,23703665,4849044
2021-05-13,3598452,90864,4139160,4460405,32852871,15433989,24046809,4857303
2021-05-14,3604799,90878,4146722,4462603,32895169,15519525,24372907,4866641
2021-05-15,3604799,90896,4153374,4464663,32923982,15586534,24684077,4875308
2021-05-16,3604799,90922,4159122,4466589,32940846,15627243,24965463,4883734
2021-05-17,3615860,90944,4162576,4468582,32969512,15657391,25228996,4892938
2021-05-18,3619848,90958,4167025,4466220,32997331,15732836,25496330,4900995
2021-05-19,3625928,90970,4172525,4468366,33026624,15812055,25772440,4908794
2021-05-20,3631661,90994,4178261,4471065,33056765,15894094,26031991,4917906
2021-05-21,3636453,91004,4183476,4473773,33085106,15970949,26289290,4926717
