Date,Spain,China,Italy,United_Kingdom,United_States,Brazil,India,Russia
2020-01-22,0,17,0,0,0,0,0,0
2020-01-23,0,18,0,0,0,0,0,0
2020-01-24,0,26,0,0,0,0,0,0
2020-01-25,0,42,0,0,0,0,0,0
2020-01-26,0,56,0,0,0,0,0,0
2020-01-27,0,82,0,0,0,0,0,0
2020-01-28,0,131,0,0,0,0,0,0
2020-01-29,0,133,0,0,0,0,0,0
2020-01-30,0,171,0,0,0,0,0,0
2020-01-31,0,213,0,0,0,0,0,0
2020-02-01,0,259,0,0,0,0,0,0
2020-02-02,0,361,0,0,0,0,0,0
2020-02-03,0,425,0,0,0,0,0,0
2020-02-04,0,490,0,0,0,0,0,0
2020-02-05,0,562,0,0,0,0,0,0
2020-02-06,0,632,0,0,0,0,0,0
2020-02-07,0,717,0,0,0,0,0,0
2020-02-08,0,804,0,0,0,0,0,0
2020-02-09,0,904,0,0,0,0,0,0
2020-02-10,0,1011,0,0,0,0,0,0
2020-02-11,0,1111,0,0,0,0,0,0
2020-02-12,0,1116,0,0,0,0,0,0
2020-02-13,0,1368,0,0,0,0,0,0
2020-02-14,0,1520,0,0,0,0,0,0
2020-02-15,0,1662,0,0,0,0,0,0
2020-02-16,0,1765,0,0,0,0,0,0
2020-02-17,0,1863,0,0,0,0,0,0
2020-02-18,0,2002,0,0,0,0,0,0
2020-02-19,0,2114,0,0,0,0,0,0
2020-02-20,0,2236,0,0,0,0,0,0
2020-02-21,0,2236,1,0,0,0,0,0
2020-02-22,0,2441,2,0,0,0,0,0
2020-02-23,0,2443,3,0,0,0,0,0
2020-02-24,0,2593,7,0,0,0,0,0
2020-02-25,0,2663,10,0,0,0,0,0
2020-02-26,0,2715,12,0,0,0,0,0
2020-02-27,0,2744,17,0,0,0,0,0
2020-02-28,0,2788,21,0,0,0,0,0
2020-02-29,0,2835,29,0,1,0,0,0
2020-03-01,0,2870,34,0,1,0,0,0
2020-03-02,0,2912,52,0,6,0,0,0
2020-03-03,1,2945,79,0,7,0,0,0
2020-03-04,2,2981,107,0,11,0,0,0
2020-03-05,3,3013,148,0,12,0,0,0
2020-03-06,5,3042,197,1,14,0,0,0
2020-03-07,10,3070,233,2,17,0,0,0
2020-03-08,17,3097,366,2,21,0,0,0
2020-03-09,28,3120,463,3,22,0,0,0
2020-03-10,35,3136,631,7,28,0,0,0
2020-03-11,54,3158,827,7,33,0,1,0
2020-03-12,55,3169,1016,9,43,0,1,0
2020-03-13,133,3176,1266,10,51,0,2,0
2020-03-14,195,3189,1441,29,58,0,2,0
2020-03-15,289,3199,1809,43,70,0,2,0
2020-03-16,342,3213,2158,66,97,0,2,0
2020-03-17,533,3226,2503,83,134,1,3,0
2020-03-18,623,3237,2978,118,194,3,3,0
2020-03-19,830,3245,3405,164,266,6,4,1
2020-03-20,1043,3249,4032,196,372,11,5,1
2020-03-21,1375,3255,4825,254,475,15,4,1
2020-03-22,1772,3270,5476,289,597,25,7,1
2020-03-23,2311,3270,6077,365,789,34,10,1
2020-03-24,2808,3277,6820,513,1032,46,10,1
2020-03-25,3647,3281,7503,704,1365,59,12,3
2020-03-26,4365,3287,8215,886,1784,77,20,3
2020-03-27,5138,3292,9134,1174,2306,92,20,4
2020-03-28,5982,3295,10023,1466,2948,111,24,4
2020-03-29,6803,3300,10779,1679,3572,136,27,8
2020-03-30,7716,3304,11591,2053,4285,159,32,9
2020-03-31,8464,3305,12428,2457,5370,201,35,17
2020-04-01,9387,3312,13155,3130,6653,240,58,24
2020-04-02,10348,3318,13915,3787,8165,324,72,30
2020-04-03,11198,3322,14681,4524,9596,359,72,34
2020-04-04,11947,3326,15362,5281,11159,445,86,43
2020-04-05,12641,3329,15887,5882,12774,486,99,45
2020-04-06,13341,3331,16523,6452,14545,564,136,47
2020-04-07,14045,3331,17127,7557,17120,686,150,58
2020-04-08,14792,3333,17669,8589,19280,819,178,63
2020-04-09,15447,3335,18279,9706,21483,950,226,76
2020-04-10,16081,3336,18849,10829,23677,1057,246,94
2020-04-11,16606,3339,19468,11673,25804,1124,288,106
2020-04-12,17209,3339,19899,12330,27678,1223,331,130
2020-04-13,17756,3341,20465,13055,29687,1328,358,148
2020-04-14,18056,3341,21067,14135,32122,1532,393,170
2020-04-15,18708,3342,21645,15019,34734,1736,405,198
2020-04-16,19315,3342,22170,16059,36877,1924,448,232
2020-04-17,20002,4632,22745,16973,38987,2141,486,273
2020-04-18,20043,4632,23227,18081,40960,2354,521,313
2020-04-19,20453,4632,23660,18514,42931,2462,559,361
2020-04-20,20852,4632,24114,19090,45161,2587,592,405
2020-04-21,21282,4632,24648,20314,47675,2741,645,456
2020-04-22,21717,4632,25085,21171,50135,2906,681,513
2020-04-23,22157,4632,25549,21855,52591,3331,721,555
2020-04-24,22524,4632,25969,22873,54779,3704,780,615
2020-04-25,22902,4632,26384,23689,56490,4057,825,681
2020-04-26,23190,4633,26644,24053,57889,4286,881,747
2020-04-27,23521,4633,26977,24376,59397,4603,939,794
2020-04-28,23822,4633,27359,25347,61621,5083,1008,867
2020-04-29,24275,4633,27682,26118,64039,5513,1079,972
2020-04-30,24543,4633,27967,26754,66235,6006,1154,1073
2020-05-01,24543,4633,28236,27454,68144,6412,1223,1169
2020-05-02,25100,4633,28710,28039,69875,6761,1323,1222
2020-05-03,25264,4633,28884,28292,71065,7051,1391,1280
2020-05-04,25428,4633,29079,28565,72445,7367,1566,1356
2020-05-05,25613,4633,29315,29290,74687,7938,1693,1451
2020-05-06,25857,4633,29684,29937,77001,8588,1785,1537
2020-05-07,26070,4633,29958,30395,78930,9190,1889,1625
2020-05-08,26299,4633,30201,30975,80693,10017,1985,1723
2020-05-09,26478,4633,30395,31250,82161,10656,2101,1827
2020-05-10,26621,4633,30560,31467,83139,11123,2212,1915
2020-05-11,26744,4633,30739,31655,84181,11653,2294,2009
2020-05-12,26920,4633,30911,32270,85780,12461,2415,2116
2020-05-13,27104,4633,31106,32718,87507,13240,2551,2212
2020-05-14,27321,4633,31368,33071,89303,13999,2649,2305
2020-05-15,27459,4633,31610,33422,90971,14962,2753,2418
2020-05-16,27563,4634,31763,33833,92169,15662,2871,2537
2020-05-17,27563,4634,31908,33900,92990,16118,3025,2631
2020-05-18,27709,4634,32007,34046,94217,16853,3156,2722
2020-05-19,27778,4634,32169,34547,95673,17983,3302,2837
2020-05-20,27888,4634,32330,34876,97174,18859,3434,2972
2020-05-21,27940,4634,32486,35149,98359,20047,3584,3099
2020-05-22,28628,4634,32616,35440,99576,21048,3726,3249
2020-05-23,28678,4634,32735,35660,100666,22013,3868,3388
2020-05-24,28752,4634,32785,36039,101305,22666,4024,3541
2020-05-25,26834,4634,32877,36143,101897,23473,4172,3633
2020-05-26,27117,4634,32955,36274,102574,24512,4344,3807
2020-05-27,27117,4634,33072,36696,104037,25598,4534,3968
2020-05-28,27119,4634,33142,37039,105138,26754,4711,4142
2020-05-29,27121,4634,33229,37313,106271,27878,4980,4374
2020-05-30,27125,4634,33340,37467,107225,28834,5185,4555
2020-05-31,27127,4634,33415,37527,107840,29314,5408,4693
2020-06-01,27127,4634,33475,37613,108616,29937,5608,4849
2020-06-02,27127,4634,33530,37863,109597,31199,5829,5031
2020-06-03,27128,4634,33601,38117,110607,32548,6088,5208
2020-06-04,27133,4634,33689,38247,111620,34021,6363,5376
2020-06-05,27134,4634,33774,38505,112511,35026,6649,5520
2020-06-06,27135,4634,33846,38648,113153,35930,6946,5717
2020-06-07,27136,4634,33899,38702,113612,36455,7207,5851
2020-06-08,27136,4634,33964,38749,114119,37134,7473,5963
2020-06-09,27136,4634,34043,38946,115032,38406,7750,6134
2020-06-10,27136,4634,34114,39110,115908,39680,8102,6350
2020-06-11,27136,4634,34167,39186,116738,40919,8498,6522
2020-06-12,27136,4634,34223,39317,117567,41828,8884,6705
2020-06-13,27136,4634,34301,39424,118302,42720,9195,6819
2020-06-14,27136,4634,34345,39451,118647,43332,9520,6938
2020-06-15,27136,4634,34371,39480,119043,43959,9900,7081
2020-06-16,27136,4634,34405,39600,119857,45241,11903,7274
2020-06-17,27136,4634,34448,39710,120596,46510,12237,7468
2020-06-18,27136,4634,34514,39777,121285,47748,12573,7650
2020-06-19,28315,4634,34561,39861,121914,48954,12948,7831
2020-06-20,28322,4634,34610,39932,122473,49976,13254,7992
2020-06-21,28323,4634,34634,39963,122790,50591,13699,8101
2020-06-22,28324,4634,34657,39976,123197,51271,14011,8196
2020-06-23,28325,4634,34675,40070,123945,52645,14476,8349
2020-06-24,28327,4634,34644,40157,124682,53830,14894,8503
2020-06-25,28330,4634,34678,40256,125219,54971,15301,8594
2020-06-26,28338,4634,34708,40333,125848,55961,15685,8770
2020-06-27,28341,4634,34716,40373,126351,57070,16095,8958
2020-06-28,28343,4634,34738,40404,126669,57622,16475,9060
2020-06-29,28346,4634,34744,40425,127054,58314,16893,9152
2020-06-30,28355,4634,34767,40479,127607,59594,17400,9306
2020-07-01,28364,4634,34788,40576,128311,60632,17834,9521
2020-07-02,28368,4634,34818,40617,129024,61884,18213,9668
2020-07-03,28385,4634,34833,40666,129694,63174,18655,9844
2020-07-04,28385,4634,34854,40698,130009,64265,19268,10011
2020-07-05,28385,4634,34861,40717,130335,64867,19693,10145
2020-07-06,28388,4634,34869,40728,130711,65487,20159,10280
2020-07-07,28392,4634,34899,40782,131873,66741,20642,10478
2020-07-08,28396,4634,34914,40839,132698,67964,21129,10650
2020-07-09,28401,4634,34926,40870,133718,69184,21604,10826
2020-07-10,28403,4634,34938,40904,134535,70398,22123,11000
2020-07-11,28403,4634,34945,40921,135263,71469,22673,11188
2020-07-12,28403,4634,34954,40930,135735,72100,23174,11318
2020-07-13,28406,4634,34967,40940,136180,72833,23727,11422
2020-07-14,28409,4634,34984,40984,137108,74133,24309,11597
2020-07-15,28413,4634,34997,41010,138083,75366,24914,11753
2020-07-16,28416,4634,35017,41034,139039,76688,25602,11920
2020-07-17,28420,4634,35028,41060,139963,77851,26273,12106
2020-07-18,28420,4634,35042,41069,140820,78772,26816,12228
2020-07-19,28420,4634,35045,41080,141303,79488,27497,12323
2020-07-20,28422,4634,35058,41090,141866,80120,28082,12408
2020-07-21,28424,4634,35073,41115,142957,81487,28732,12561
2020-07-22,28426,4634,35082,41132,144181,82771,29861,12726
2020-07-23,28429,4634,35092,41141,145251,84082,30601,12873
2020-07-24,28432,4634,35097,41173,146358,85238,31358,13026
2020-07-25,28432,4634,35102,41188,147288,86449,32060,13172
2020-07-26,28432,4634,35107,41196,147819,87004,32771,13249
2020-07-27,28434,4634,35112,41199,148945,87618,33408,13334
2020-07-28,28436,4634,35123,41220,150275,88539,34193,13483
2020-07-29,28441,4634,35129,41254,151689,90134,34955,13650
2020-07-30,28443,4634,35132,41254,152920,91263,35718,13778
2020-07-31,28445,4634,35141,41274,154157,92475,36511,13939
2020-08-01,28445,4634,35146,41287,155250,93563,37364,14034
2020-08-02,28445,4634,35154,41292,155687,94104,38135,14104
2020-08-03,28472,4634,35166,41293,156268,94665,38938,14183
2020-08-04,28498,4634,35171,41311,157550,95819,39795,14327
2020-08-05,28499,4634,35181,41325,158988,97256,40699,14465
2020-08-06,28500,4634,35187,41343,160232,98493,41585,14579
2020-08-07,28503,4634,35190,41355,161469,99572,42518,14698
2020-08-08,28503,4634,35203,41358,162547,100477,43379,14827
2020-08-09,28503,4634,35205,41363,163071,101049,44386,14903
2020-08-10,28576,4634,35209,41381,163706,101752,45257,14973
2020-08-11,28581,4634,35215,41394,164726,103026,46091,15103
2020-08-12,28579,4634,35225,41414,166225,104201,47033,15231
2020-08-13,28605,4634,35231,41432,167292,105463,48040,15353
2020-08-14,28617,4634,35234,41443,168629,106523,49036,15467
2020-08-15,28617,4634,35392,41446,169629,107232,49980,15585
2020-08-16,28617,4634,35396,41451,170246,107852,50921,15653
2020-08-17,28646,4634,35400,41454,170739,108536,51797,15707
2020-08-18,28670,4634,35405,41466,171965,109888,52888,15836
2020-08-19,28797,4634,35412,41483,173304,111100,53866,15951
2020-08-20,28813,4634,35418,41489,174407,112304,54849,16058
2020-08-21,28838,4634,35427,41491,175498,113358,55794,16148
2020-08-22,28838,4634,35430,41509,176407,114250,56706,16268
2020-08-23,28838,4634,35437,41515,176952,114744,57542,16341
2020-08-24,28872,4634,35441,41519,177425,115309,58390,16406
2020-08-25,28924,4634,35445,41535,178661,116580,59357,16524
2020-08-26,28971,4634,35458,41552,179827,117665,60472,16638
2020-08-27,28996,4634,35463,41564,180943,118649,61529,16758
2020-08-28,29011,4634,35472,41573,181920,119504,62550,16866
2020-08-29,29011,4634,35473,41585,182822,120262,63498,16977
2020-08-30,29011,4634,35477,41586,183276,120828,64469,17045
2020-08-31,29094,4634,35483,41589,183818,121381,65288,17128
2020-09-01,29152,4634,35491,41592,184846,122596,66333,17250
2020-09-02,29194,4634,35497,41602,185925,123780,67376,17365
2020-09-03,29234,4634,35507,41616,186962,124614,68472,17479
2020-09-04,29418,4634,35518,41626,187920,125502,69561,17598
2020-09-05,29418,4634,35534,41638,188682,126203,70626,17707
2020-09-06,29418,4634,35541,41640,189152,126650,71642,17768
2020-09-07,29516,4634,35553,41643,189448,126960,72775,17818
2020-09-08,29594,4634,35563,41675,189900,127464,73890,17939
2020-09-09,29628,4634,35577,41683,191060,128539,75062,18080
2020-09-10,29699,4634,35587,41697,191976,129522,76271,18207
2020-09-11,29747,4634,35597,41703,193150,130396,77472,18309
2020-09-12,29747,4634,35603,41712,193852,131210,78586,18426
2020-09-13,29747,4634,35610,41717,194287,131625,79722,18517
2020-09-14,29848,4634,35624,41726,194718,132006,80776,18573
2020-09-15,30004,4634,35633,41753,195918,133119,82066,18723
2020-09-16,30243,4634,35645,41773,196874,134106,83198,18853
2020-09-17,30405,4634,35658,41794,197735,134935,84372,18996
2020-09-18,30495,4634,35668,41821,198631,135793,85619,19128
2020-09-19,30495,4634,35692,41848,199363,136532,86752,19270
2020-09-20,30495,4634,35707,41866,199628,136895,87882,19349
2020-09-21,30663,4634,35724,41877,200055,137272,88935,19420
2020-09-22,30904,4634,35738,41914,201087,138105,90020,19575
2020-09-23,31034,4634,35758,41951,202143,138105,91149,19720
2020-09-24,31118,4634,35781,41991,203040,139808,92290,19867
2020-09-25,31232,4634,35801,42025,203984,140537,93379,19973
2020-09-26,31232,4634,35818,42060,204752,141406,94503,20140
2020-09-27,31232,4634,35835,42077,205067,141741,95542,20239
2020-09-28,31411,4634,35851,42090,205425,142058,96318,20299
2020-09-29,31411,4634,35875,42162,206259,142921,97497,20456
2020-09-30,31791,4634,35894,42233,207217,143952,98678,20630
2020-10-01,31973,4634,35918,42292,208090,144680,99773,20796
2020-10-02,32086,4634,35941,42358,208950,144680,100842,20981
2020-10-03,32086,4634,35968,42407,209634,145987,101782,21153
2020-10-04,32086,4634,35986,42440,210015,146352,102685,21260
2020-10-05,32225,4634,36002,42459,210495,146675,103569,21375
2020-10-06,32486,4634,36030,42535,211181,147494,104555,21559
2020-10-07,32562,4634,36061,42605,212108,148228,105526,21755
2020-10-08,32688,4634,36083,42682,213097,148957,106490,21939
2020-10-09,32929,4634,36111,42769,214065,149639,107416,22137
2020-10-10,32929,4634,36140,42850,214723,150198,108334,22331
2020-10-11,32929,4634,36166,42915,215194,150488,109150,22471
2020-10-12,33124,4634,36205,42965,215588,150689,109856,22594
2020-10-13,33204,4634,36246,43108,216384,150998,110586,22834
2020-10-14,33413,4634,36289,43245,217374,151747,111266,23069
2020-10-15,33553,4634,36372,43383,218223,152460,112161,23350
2020-10-16,33775,4634,36427,43519,219160,153214,112998,23580
2020-10-17,33775,4634,36474,43669,219922,153675,114031,23857
2020-10-18,33775,4634,36543,43736,220415,153675,114610,24039
2020-10-19,33992,4634,36616,43816,220894,154176,115197,24205
2020-10-20,34210,4634,36705,44057,221818,154837,115914,24473
2020-10-21,34366,4634,36832,44248,222939,155403,116616,24786
2020-10-22,34521,4634,36968,44437,223853,155900,117306,25072
2020-10-23,34752,4634,37059,44661,224820,156471,117956,25353
2020-10-24,34752,4634,37210,44835,225771,156903,118534,25647
2020-10-25,34752,4634,37338,44986,226233,157134,119014,25875
2020-10-26,35031,4634,37479,45088,226766,157397,119502,26092
2020-10-27,35298,4634,37700,45455,227739,157946,120010,26409
2020-10-28,35466,4634,37905,45765,228774,158456,120527,26752
2020-10-29,35639,4634,38122,46045,229778,158969,121090,27111
2020-10-30,35878,4634,38321,46319,230839,159477,121641,27462
2020-10-31,35878,4634,38618,46645,231749,159884,122111,27787
2020-11-01,35878,4634,38826,46807,232245,160074,122607,28026
2020-11-02,36257,4634,39059,46943,232818,160253,123097,28264
2020-11-03,36495,4634,39412,47340,234396,160496,123611,28611
2020-11-04,38118,4634,39764,47832,235511,161106,124315,28996
2020-11-05,38486,4634,40192,48210,236667,161106,124985,29285
2020-11-06,38833,4634,40638,48565,237906,162015,125562,29654
2020-11-07,38833,4634,41063,48978,238987,162269,126121,30010
2020-11-08,38833,4634,41394,49134,239559,162397,126611,30292
2020-11-09,39345,4634,41750,49329,240338,162628,127059,30546
2020-11-10,39345,4634,42330,49861,241756,162802,127571,30899
2020-11-11,40105,4634,42953,50457,243192,163368,128121,31326
2020-11-12,40461,4634,43589,51020,244396,164281,128668,31755
2020-11-13,40769,4634,44139,51396,245596,164737,129188,32156
2020-11-14,40769,4634,44683,51858,246943,165658,129635,32536
2020-11-15,40769,4634,45229,52026,247720,165798,130070,32885
2020-11-16,41253,4634,45733,52240,248549,166014,130519,33184
2020-11-17,41688,4634,46464,52839,250270,166699,130993,33619
2020-11-18,42039,4634,47217,53368,252189,167455,131578,34068
2020-11-19,42291,4634,47870,53870,254242,168061,132162,34525
2020-11-20,42619,4634,48569,54381,256199,168613,132726,34980
2020-11-21,42619,4634,49261,54721,257818,168989,133227,35442
2020-11-22,42619,4634,49823,55120,258851,169183,133738,35838
2020-11-23,43131,4634,50453,55327,259951,169485,134218,36192
2020-11-24,43668,4634,51306,55935,262080,170115,134699,36675
2020-11-25,44037,4634,52028,56630,264343,170769,135223,37173
2020-11-26,44374,4634,52850,57128,265728,171460,135715,37688
2020-11-27,44668,4634,53677,57648,267277,171974,136200,38175
2020-11-28,44668,4634,54363,58127,268638,172561,136696,38676
2020-11-29,44668,4634,54904,58342,269674,172833,137139,39127
2020-11-30,45069,4634,55576,58545,271020,173120,137621,39491
2020-12-01,45511,4634,56361,59148,273566,173817,138122,40050
2020-12-02,45784,4634,57045,59796,276381,174515,138648,40630
2020-12-03,46038,4634,58038,60210,279337,175270,139188,41173
2020-12-04,46252,4634,58852,60714,282036,175964,139700,41730
2020-12-05,46252,4634,59514,61111,284390,176628,140182,42228
2020-12-06,46252,4634,60078,61342,285736,176941,140573,42675
2020-12-07,46646,4634,60606,61531,287342,177317,140958,43122
2020-12-08,46646,4634,61240,62130,289963,178159,141360,43674
2020-12-09,47019,4634,61739,62663,293146,178995,141772,44220
2020-12-10,47344,4634,62626,63179,296141,179765,142185,44769
2020-12-11,47624,4634,63387,63603,299559,180437,142628,45370
2020-12-12,47624,4634,64036,64123,302021,181123,143019,45923
2020-12-13,47624,4634,64520,64267,303649,181402,143355,46404
2020-12-14,48013,4634,65011,64500,305301,181835,143709,46846
2020-12-15,48401,4634,65857,65006,308420,182799,144096,47410
2020-12-16,48596,4634,66537,65618,312084,183735,144451,47994
2020-12-17,48777,4634,67220,66150,315585,184827,144789,48568
2020-12-18,48926,4634,67894,66640,318553,185650,145136,49170
2020-12-19,48926,4634,68447,67177,321209,186356,145477,49744
2020-12-20,48926,4634,68799,67503,322924,186764,145810,50242
2020-12-21,49260,4634,69214,67718,324844,187291,146111,50723
2020-12-22,49520,4634,69842,68409,328243,188259,146444,51274
2020-12-23,49698,4634,70395,69157,331664,189220,146756,51810
2020-12-24,49824,4634,70900,69732,334572,189982,147092,52434
2020-12-25,49824,4634,71359,70302,336000,190488,147343,52985
2020-12-26,49824,4634,71620,70513,337885,190795,147622,53539
2020-12-27,49824,4634,71925,70860,339312,191139,147901,54080
2020-12-28,50122,4634,72370,71217,341316,191570,148153,54559
2020-12-29,50442,4634,73029,71675,344949,192681,148439,55107
2020-12-30,50689,4634,73604,72657,348682,193875,148738,55692
2020-12-31,50837,4634,74159,73622,352162,194949,148738,56271
2021-01-01,50837,4634,74621,74237,354312,195411,148994,56798
2021-01-02,50837,4634,74985,74682,356820,195725,149435,57235
2021-01-03,50837,4634,75332,75137,358267,196018,149649,57730
2021-01-04,51078,4634,75680,75547,360361,196561,149850,58203
2021-01-05,51430,4634,76329,76428,364076,197732,150114,58706
2021-01-06,51430,4634,76877,77470,368003,198974,150336,59137
2021-01-07,51675,4634,77291,78632,371990,200498,150570,59628
2021-01-08,51874,4634,77911,79965,376098,201460,150570,60067
2021-01-09,51874,4634,78394,81000,379420,202631,150999,60523
2021-01-10,51874,4634,78755,81567,381420,203100,151160,60963
2021-01-11,52275,4634,79203,82096,383524,203580,151327,61389
2021-01-12,52683,4634,79819,83342,387999,204690,151529,61908
2021-01-13,52878,4635,80326,84910,392030,205964,151727,62463
2021-01-14,53079,4635,80848,86163,396018,207095,151918,63016
2021-01-15,53314,4635,81325,87448,399911,208246,152093,63558
2021-01-16,53314,4635,81800,88747,403315,209296,152274,64134
2021-01-17,53314,4635,82177,89429,405214,209847,152419,64601
2021-01-18,53769,4635,82554,90031,406749,210299,152556,65059
2021-01-19,54173,4635,83157,91643,409482,211491,152718,65632
2021-01-20,54637,4635,83681,93469,413890,212831,152869,66214
2021-01-21,55041,4635,84202,94765,418095,214147,153032,66810
2021-01-22,55441,4635,84674,96166,421942,215243,153184,67376
2021-01-23,55441,4635,85162,97518,425287,216445,153339,67919
2021-01-24,55441,4635,85461,98129,427186,217037,153470,68397
2021-01-25,56208,4636,85881,98723,429163,217664,153587,68841
2021-01-26,56794,4636,86422,100359,433171,218878,153724,69391
2021-01-27,57291,4636,86889,102085,437132,220161,153847,69971
2021-01-28,57806,4636,87381,103324,441171,221547,154010,70533
2021-01-29,58319,4636,87858,104572,444806,222666,154147,71054
2021-01-30,58319,4636,88279,105777,447592,223945,154274,71556
2021-01-31,58319,4636,88516,106367,449446,224504,154392,72029
2021-02-01,59081,4636,88845,106774,451513,225099,154486,72456
2021-02-02,59805,4636,89344,108225,454943,226309,154596,72982
2021-02-03,60370,4636,89820,109547,458850,227563,154703,73497
2021-02-04,60802,4636,90241,110462,462587,228795,154823,74005
2021-02-05,61386,4636,90618,111477,466275,230034,154918,74520
2021-02-06,61386,4636,91003,112305,468916,230034,154996,75010
2021-02-07,61386,4636,91273,112681,470353,231534,155080,75430
2021-02-08,62295,4636,91580,113014,471970,231534,155158,75828
2021-02-09,63061,4636,92002,114066,475045,233520,155252,76347
2021-02-10,63704,4636,92338,115068,478355,234850,155360,76873
2021-02-11,64217,4636,92729,115748,481563,236201,155447,77415
2021-02-12,64747,4636,93045,116507,484492,237489,155550,77911
2021-02-13,64747,4636,93356,117128,486690,238532,155642,78403
2021-02-14,64747,4636,93577,117387,487851,239245,155732,78825
2021-02-15,65449,4636,93835,117622,488810,239773,155813,79210
2021-02-16,65979,4636,94171,118421,490560,240940,155913,79659
2021-02-17,66316,4636,94540,119159,492966,242090,156014,80118
2021-02-18,66704,4636,94887,119614,495485,243457,156111,80587
2021-02-19,67101,4636,95235,120147,498116,244737,156212,81048
2021-02-20,67101,4636,95486,120593,499934,245977,156302,81517
2021-02-21,67101,4636,95718,120810,501183,246504,156385,81926
2021-02-22,67636,4636,95992,120988,502506,247143,156463,82255
2021-02-23,68079,4636,96348,121536,504780,248529,156567,82666
2021-02-24,68468,4636,96666,121979,507959,249957,156705,83044
2021-02-25,68813,4636,96974,122303,510405,251498,156825,83481
2021-02-26,69142,4636,97227,122648,512473,252835,156938,83900
2021-02-27,69142,4636,97507,122939,513988,254221,157051,84330
2021-02-28,69142,4636,97699,123083,515082,254942,157157,84700
2021-03-01,69609,4636,97945,123187,516604,255720,157248,85025
2021-03-02,69801,4636,98288,123530,518554,257361,157346,85458
2021-03-03,70247,4636,98635,124017,521045,259271,157435,85901
2021-03-04,70501,4636,98974,124259,522983,260970,157548,86368
2021-03-05,71138,4636,99271,124495,524768,262770,157656,86821
2021-03-06,71138,4636,99578,124654,526274,264325,157756,87253
2021-03-07,71138,4636,99785,124736,526972,265411,157853,87614
2021-03-08,71436,4636,100103,124801,527712,266398,157930,87985
2021-03-09,71727,4636,100479,125032,529519,268370,158063,88315
2021-03-10,71961,4636,100811,125222,531092,270656,158189,88773
2021-03-11,72085,4636,101184,125403,532661,272889,158306,89224
2021-03-12,72258,4636,101564,125579,534232,275105,158446,89701
2021-03-13,72258,4636,101881,125701,535229,277102,158607,90169
2021-03-14,72258,4636,102145,125753,535810,278229,158725,90558
2021-03-15,72424,4636,102499,125817,536567,279286,158856,90958
2021-03-16,72565,4636,103001,125927,537746,282127,159044,91395
2021-03-17,72793,4636,103432,126068,538981,284775,159216,91815
2021-03-18,72910,4636,103855,126163,540646,287499,159370,92266
2021-03-19,72910,4636,104241,126263,541795,290314,159558,92704
2021-03-20,72910,4636,104642,126359,542539,292752,159755,93090
2021-03-21,72910,4636,104942,126393,542979,294042,159967,93457
2021-03-22,73543,4636,105328,126411,543698,295425,160166,93812
2021-03-23,73744,4636,105879,126523,544575,298676,160441,94231
2021-03-24,73744,4636,106339,126621,546088,300685,160692,94624
2021-03-25,74420,4636,106799,126684,547499,303462,160949,95010
2021-03-26,75010,4636,107256,126755,548653,307112,161240,95410
2021-03-27,75010,4636,107636,126813,549441,310550,161552,95792
2021-03-28,75010,4636,107933,126834,549964,312206,161843,96123
2021-03-29,75199,4636,108350,126857,550677,313866,162114,96413
2021-03-30,75305,4636,108879,126912,551564,317646,162468,96817
2021-03-31,75459,4636,109346,126955,552655,321515,162927,97219
2021-04-01,75541,4636,109847,127006,553733,325284,163396,97594
2021-04-02,75541,4636,110328,127058,554686,328206,164110,97986
2021-04-03,75698,4636,110704,127068,555423,330193,164623,98363
2021-04-04,75698,4636,111030,127078,555717,331433,165101,98713
2021-04-05,75783,4636,111326,127106,556236,332752,165547,99049
2021-04-06,75911,4636,111747,127126,557097,336947,166177,99431
2021-04-07,76037,4636,112374,127171,559690,340776,166862,99800
2021-04-08,76179,4636,112861,127224,560711,345025,167642,100158
2021-04-09,76328,4636,113579,127284,561600,348718,168436,100554
2021-04-10,76328,4636,113923,127324,562316,351334,169275,100949
2021-04-11,76328,4636,114254,127331,562616,353137,170179,101282
2021-04-12,76525,4636,114612,127346,563092,354617,171058,101552
2021-04-13,76625,4636,115088,127369,563924,358425,172085,101882
2021-04-14,76756,4636,115557,127407,564896,361884,173123,102275
2021-04-15,76882,4636,115937,127438,565795,365444,174308,102667
2021-04-16,76981,4636,116366,127472,566667,368749,175649,103059
2021-04-17,76981,4636,116676,127508,567359,371678,177150,103451
2021-04-18,76981,4636,116927,127518,567692,373335,178769,103834
2021-04-19,77102,4636,117243,127524,568191,374682,180530,104173
2021-04-20,77102,4636,117633,127557,569027,378003,182553,104545
2021-04-21,77364,4636,117997,127577,569886,381475,184657,104937
2021-04-22,77496,4636,118357,127597,570844,383502,186920,105328
2021-04-23,77591,4636,118699,127638,571621,386416,189544,105718
2021-04-24,77591,4636,119021,127670,572356,389492,192311,106108
2021-04-25,77591,4636,119238,127681,572645,390797,195123,106434
2021-04-26,77738,4636,119539,127688,573132,391936,197894,106783
2021-04-27,77855,4636,119912,127705,573782,395022,201187,107167
2021-04-28,77943,4636,120256,127734,574751,398185,204832,107547
2021-04-29,78080,4636,120544,127759,575616,401186,208330,107902
2021-04-30,78216,4636,120807,127775,576354,403781,211853,108290
2021-05-01,78216,4636,121033,127782,577069,406437,215542,108675
2021-05-02,78216,4636,121177,127796,577401,407639,218959,109011
2021-05-03,78293,4636,121433,127797,577887,408622,222408,109341
2021-05-04,78399,4636,121738,127803,578763,411588,226188,109670
2021-05-05,78566,4636,122005,127830,579541,414399,230168,110022
2021-05-06,78726,4636,122263,127843,580334,416949,234083,110366
2021-05-07,78792,4636,122470,127858,581088,419114,238270,110735
2021-05-08,78792,4636,122694,127863,581705,421316,242347,111097
2021-05-09,78792,4636,122833,127865,581947,422340,246116,111425
2021-05-10,78895,4636,123031,127870,582347,423229,249992,111740
2021-05-11,79100,4636,123282,127890,583023,425540,254197,112063
2021-05-12,79208,4636,123544,127901,583872,428034,258317,112410
2021-05-13,79281,4636,123745,127912,584674,430417,262317,112795
2021-05-14,79339,4636,123927,127930,585332,432628,266207,113182
2021-05-15,79339,4636,124063,127937,585808,434715,270284,113541
2021-05-16,79339,4636,124156,127941,586070,435751,274390,113927
2021-05-17,79432,4636,124296,127946,586459,436537,278719,114263
2021-05-18,79502,4636,124497,127953,587219,439050,283248,114619
2021-05-19,79568,4636,124646,127956,587874,441691,287122,115003
2021-05-20,79601,4636,124810,127963,588539,444094,291331,115393
2021-05-21,79620,4636,125028,127972,589223,446309,295525,115764
